11 0.184 0.6981981981981982 0.228 0.24924924924924924
11 0.588 0.6651651651651652 0.208 0.2552552552552553
11 0.438 0.5705705705705706 0.124 0.17417417417417416
11 0.193 0.5495495495495496 0.134 0.1021021021021021
11 0.182 0.4894894894894895 0.096 0.04804804804804805
11 0.175 0.45495495495495497 0.074 0.04504504504504504
11 0.293 0.466966966966967 0.074 0.0990990990990991
11 0.359 0.5165165165165165 0.09 0.12012012012012012
11 0.553 0.46846846846846846 0.07 0.08408408408408409
11 0.659 0.487987987987988 0.094 0.10510510510510511
11 0.802 0.5180180180180181 0.136 0.13513513513513514
11 0.902 0.46546546546546547 0.088 0.09009009009009009
11 0.943 0.506006006006006 0.114 0.12312312312312312
11 0.661 0.43993993993993996 0.078 0.02702702702702703
11 0.761 0.45345345345345345 0.074 0.07807807807807808
1 0.173 0.8993993993993994 0.266 0.2012012012012012
1 0.626 0.8738738738738738 0.216 0.25225225225225223
1 0.869 0.7177177177177178 0.15 0.34234234234234234
11 0.552 0.4084084084084084 0.064 0.07207207207207207
11 0.598 0.4219219219219219 0.064 0.06906906906906907
